0.067732	1.000000	3.176513
0.427810	1.000000	3.816464
0.995731	1.000000	4.550095
0.738336	1.000000	4.256571
0.981083	1.000000	4.560815
0.526171	1.000000	3.929515
0.378887	1.000000	3.526170
0.033859	1.000000	3.156393
0.132791	1.000000	3.110301
0.138306	1.000000	3.149813
0.247809	1.000000	3.476346
0.648270	1.000000	4.119688
0.731209	1.000000	4.282233
0.236833	1.000000	3.486582
0.969788	1.000000	4.655492
0.607492	1.000000	3.965162
0.358622	1.000000	3.514900
0.147846	1.000000	3.125947
0.637820	1.000000	4.094115
0.230372	1.000000	3.476039
0.070237	1.000000	3.210610
0.067154	1.000000	3.190612
0.925577	1.000000	4.631504
0.717733	1.000000	4.295890
0.015371	1.000000	3.085028
0.335070	1.000000	3.448080
0.040486	1.000000	3.167440
0.212575	1.000000	3.364266
0.617218	1.000000	3.993482
0.541196	1.000000	3.891471
0.045353	1.000000	3.143259
0.126762	1.000000	3.114204
0.556486	1.000000	3.851484
0.901144	1.000000	4.621899
0.958476	1.000000	4.580768
0.274561	1.000000	3.620992
0.394396	1.000000	3.580501
0.872480	1.000000	4.618706
0.409932	1.000000	3.676867
0.908969	1.000000	4.641845
0.166819	1.000000	3.175939
0.665016	1.000000	4.264980
0.263727	1.000000	3.558448
0.231214	1.000000	3.436632
0.552928	1.000000	3.831052
0.047744	1.000000	3.182853
0.365746	1.000000	3.498906
0.495002	1.000000	3.946833
0.493466	1.000000	3.900583
0.792101	1.000000	4.238522
0.769660	1.000000	4.233080
0.251821	1.000000	3.521557
0.181951	1.000000	3.203344
0.808177	1.000000	4.278105
0.334116	1.000000	3.555705
0.338630	1.000000	3.502661
0.452584	1.000000	3.859776
0.694770	1.000000	4.275956
0.590902	1.000000	3.916191
0.307928	1.000000	3.587961
0.148364	1.000000	3.183004
0.702180	1.000000	4.225236
0.721544	1.000000	4.231083
0.666886	1.000000	4.240544
0.124931	1.000000	3.222372
0.618286	1.000000	4.021445
0.381086	1.000000	3.567479
0.385643	1.000000	3.562580
0.777175	1.000000	4.262059
0.116089	1.000000	3.208813
0.115487	1.000000	3.169825
0.663510	1.000000	4.193949
0.254884	1.000000	3.491678
0.993888	1.000000	4.533306
0.295434	1.000000	3.550108
0.952523	1.000000	4.636427
0.307047	1.000000	3.557078
0.277261	1.000000	3.552874
0.279101	1.000000	3.494159
0.175724	1.000000	3.206828
0.156383	1.000000	3.195266
0.733165	1.000000	4.221292
0.848142	1.000000	4.413372
0.771184	1.000000	4.184347
0.429492	1.000000	3.742878
0.162176	1.000000	3.201878
0.917064	1.000000	4.648964
0.315044	1.000000	3.510117
0.201473	1.000000	3.274434
0.297038	1.000000	3.579622
0.336647	1.000000	3.489244
0.666109	1.000000	4.237386
0.583888	1.000000	3.913749
0.085031	1.000000	3.228990
0.687006	1.000000	4.286286
0.949655	1.000000	4.628614
0.189912	1.000000	3.239536
0.844027	1.000000	4.457997
0.333288	1.000000	3.513384
0.427035	1.000000	3.729674
0.466369	1.000000	3.834274
0.550659	1.000000	3.811155
0.278213	1.000000	3.598316
0.918769	1.000000	4.692514
0.886555	1.000000	4.604859
0.569488	1.000000	3.864912
0.066379	1.000000	3.184236
0.335751	1.000000	3.500796
0.426863	1.000000	3.743365
0.395746	1.000000	3.622905
0.694221	1.000000	4.310796
0.272760	1.000000	3.583357
0.503495	1.000000	3.901852
0.067119	1.000000	3.233521
0.038326	1.000000	3.105266
0.599122	1.000000	3.865544
0.947054	1.000000	4.628625
0.671279	1.000000	4.231213
0.434811	1.000000	3.791149
0.509381	1.000000	3.968271
0.749442	1.000000	4.253910
0.058014	1.000000	3.194710
0.482978	1.000000	3.996503
0.466776	1.000000	3.904358
0.357767	1.000000	3.503976
0.949123	1.000000	4.557545
0.417320	1.000000	3.699876
0.920461	1.000000	4.613614
0.156433	1.000000	3.140401
0.656662	1.000000	4.206717
0.616418	1.000000	3.969524
0.853428	1.000000	4.476096
0.133295	1.000000	3.136528
0.693007	1.000000	4.279071
0.178449	1.000000	3.200603
0.199526	1.000000	3.299012
0.073224	1.000000	3.209873
0.286515	1.000000	3.632942
0.182026	1.000000	3.248361
0.621523	1.000000	3.995783
0.344584	1.000000	3.563262
0.398556	1.000000	3.649712
0.480369	1.000000	3.951845
0.153350	1.000000	3.145031
0.171846	1.000000	3.181577
0.867082	1.000000	4.637087
0.223855	1.000000	3.404964
0.528301	1.000000	3.873188
0.890192	1.000000	4.633648
0.106352	1.000000	3.154768
0.917886	1.000000	4.623637
0.014855	1.000000	3.078132
0.567682	1.000000	3.913596
0.068854	1.000000	3.221817
0.603535	1.000000	3.938071
0.532050	1.000000	3.880822
0.651362	1.000000	4.176436
0.901225	1.000000	4.648161
0.204337	1.000000	3.332312
0.696081	1.000000	4.240614
0.963924	1.000000	4.532224
0.981390	1.000000	4.557105
0.987911	1.000000	4.610072
0.990947	1.000000	4.636569
0.736021	1.000000	4.229813
0.253574	1.000000	3.500860
0.674722	1.000000	4.245514
0.939368	1.000000	4.605182
0.235419	1.000000	3.454340
0.110521	1.000000	3.180775
0.218023	1.000000	3.380820
0.869778	1.000000	4.565020
0.196830	1.000000	3.279973
0.958178	1.000000	4.554241
0.972673	1.000000	4.633520
0.745797	1.000000	4.281037
0.445674	1.000000	3.844426
0.470557	1.000000	3.891601
0.549236	1.000000	3.849728
0.335691	1.000000	3.492215
0.884739	1.000000	4.592374
0.918916	1.000000	4.632025
0.441815	1.000000	3.756750
0.116598	1.000000	3.133555
0.359274	1.000000	3.567919
0.814811	1.000000	4.363382
0.387125	1.000000	3.560165
0.982243	1.000000	4.564305
0.780880	1.000000	4.215055
0.652565	1.000000	4.174999
0.870030	1.000000	4.586640
0.604755	1.000000	3.960008
0.255212	1.000000	3.529963
0.730546	1.000000	4.213412
0.493829	1.000000	3.908685
0.257017	1.000000	3.585821
0.833735	1.000000	4.374394
0.070095	1.000000	3.213817
0.527070	1.000000	3.952681
0.116163	1.000000	3.129283
